20100919133904
20100919135943
20100919142359
20100919142806
20100926081943
20100926091207
20100926095444
20100926095935
20101006195621
20101006200013
20101006200254
20101006200836
20101006201047
20101006201608
20101007194141
20101007195138
20101013123146
20101013123245
20101013123313
20101018150325
20101018150718
20101026083137
20101027101558
20101027101727
20101027102152
20101027102623
20101027102847
20101027103656
20101105130308
20101105130825
20101105131301
20101105131404
20101105133552
20101105134305
20101105134316
20101105134424
20101105134605
20101105143311
20101105144845
20101105144948
20101120160509
20101120161636
20101121200110
20101121201828
20101121202029
20101208065406
20101208142843
20101209122658
20101212080704
20101210150837
20101210150931
20101210110546
20101229121154
20110216122231
20110314121235
20110314123255
20110314142012
20110314142025
20110314142523
20110627163607
20110627164438
20110628090911
20110628113035
20110914141111
20110914141256
20110914142754
20110914143053
20110914144852
20110914145032
20110914145256
20110914145559
20110914145825
20110915083707
20110915090417
20110915090503
20110915091026
20110915091551
20110915092130
20110915092317
20110915093759
20110915093838
20110915093943
20110915100422
20110915100455
20110915101142
20110915101237
20110915101809
20110915113125
20110915113143
20110915113745
20110915120322
20130719112411
20130719123541
20130719132138
20130725162132
20130725172702
20130729084334
20130805084328
20130805084422
20130805085422
20130805090217
20130812114245
20130812114610
20130829172408
